0000000000000000000000000000000000
0111111111111111001111111111111110
0100001000010001001000100001000010
0100001000010001001000100001000010
0100001000010001001000100001000010
0111111111110001001000100001000010
0100001000010001001000111111111110
0100001000011111001111100001000010
0100001000010000000000100001000010
0100001000010111111110100001000010
0100001000010100000010100001000010
0111111111110100000010111111111110
0000000000000100000010000000000000
0111111111110100000010111111111110
0100001001010100000010100001000010
0100001001010111111110100001000010
0100001001010000000000100001000010
0100001111111111001111110001000010
0111111000010001001000011111111110
0100001000010001001000010001000010
0100001000010001001000010001000010
0100001000010001001000010001000010
0100001000010001001000010001000010
0111111111111111001111111111111110
0000000000000000000000000000000000