01111111111111111111111110
27336733673642736733673364
24002400240242402400240024
28115811540242402400240024
27336733640242402811581154
24002400281542815733673364
24002400279911996400240024
240024002A733336A400240024
281158115A400002A811581154
09999999924000024999999990
273367676A400002A733673364
240024242A400002A400240024
24002858589933996800240024
28115733673642733681581154
27336400240242400273673364
24002400240242400240240024
24002400240242400240240024
28115811581542811581581154
03333333333300333333333330